1000
25426.30 31630.43
21246.33 31172.07
11655.16 7491.76
34846.71 2456.76
36937.20 28025.34
38107.06 35727.58
10455.11 9342.20
37493.60 6164.85
3962.28 36974.03
25609.30 14309.39
10798.61 2082.24
11394.22 19066.42
27851.67 36838.11
21991.92 33882.92
28437.72 29298.85
9787.65 21142.23
20861.68 8208.42
29584.99 39268.23
9267.84 11851.32
37285.49 34756.35
1690.11 16214.12
22941.91 13158.60
28754.92 39554.80
1221.40 31025.42
7061.94 19109.98
1674.63 24033.60
29692.14 34385.90
6093.86 30438.32
14987.64 19826.69
34827.06 32747.57
34759.91 3283.56
3722.91 35676.38
7970.50 21351.02
26965.69 36408.02
13311.49 15658.76
21766.73 9765.79
27602.74 38735.61
27723.25 20178.74
26735.68 13022.74
14063.90 7176.01
22269.61 37375.91
15281.37 26282.09
29777.31 14239.43
38879.90 39017.65
17755.31 10574.64
6782.62 33835.10
20313.02 9978.75
8838.16 17286.95
34865.21 39989.19
37990.73 19323.69
30524.04 33336.91
5183.58 38020.25
33514.59 17524.85
38004.54 2701.42
35950.25 3441.17
3501.72 18531.08
13421.81 13552.68
11988.05 11783.68
14915.92 21273.28
23795.12 22655.50
1486.90 3943.66
29859.50 7991.01
20709.71 24076.11
12559.05 16309.27
501.82 31727.50
27241.63 36181.71
3018.02 21098.79
16513.51 15575.23
38788.00 28069.71
18629.63 20001.90
38707.57 39228.32
18569.90 30283.51
21171.71 16243.67
30179.07 22047.99
30829.10 25461.59
34944.74 18843.34
20548.34 35420.03
4710.07 973.26
35317.95 37763.98
21235.64 13591.37
6135.42 33983.46
15356.25 1607.40
17073.55 24984.66
31537.54 38077.89
15272.11 14464.38
29127.08 34704.09
38908.92 17569.86
2424.49 20184.36
4852.80 8796.07
14313.22 31438.21
6380.18 19589.04
16042.81 31671.62
9371.48 15968.26
266.48 23775.58
7095.43 30392.22
11615.80 7352.68
21297.59 13005.55
27805.00 37640.50
34392.52 22644.12
4372.49 19478.18
31345.98 23524.70
22757.25 3504.47
36487.85 6514.59
23733.56 24424.23
21562.99 19039.07
25052.33 16566.88
25241.26 7243.26
11977.53 4551.53
22618.32 16123.71
37036.40 261.00
10269.84 33813.74
22002.72 14474.07
34551.97 35931.81
16089.62 1264.54
17087.75 32845.46
14402.56 37645.72
25702.94 31639.79
19247.07 1382.79
32164.66 5560.62
15099.33 9063.64
10897.75 26479.32
16067.25 6951.50
13209.61 19220.89
9312.41 38443.68
26301.96 17352.23
5042.68 38571.46
18797.78 22758.30
39836.81 17301.69
9919.48 26307.10
16486.08 29870.15
35061.30 7667.51
20122.29 5541.32
27289.68 12377.69
17605.91 13451.43
36812.80 27573.15
13683.42 35236.47
165.51 28161.70
6791.69 28978.51
38524.18 34767.60
7162.04 31444.26
25497.47 7631.29
10448.30 29222.52
1468.09 30146.29
26360.50 2395.69
27.30 27282.93
21806.63 6043.57
24977.06 23428.25
18692.58 35126.36
20275.91 11317.20
17114.39 25802.43
29520.60 22348.95
17237.93 26725.44
15087.25 39018.18
23173.51 18508.51
26833.69 9705.44
7686.77 9043.60
12459.33 18367.96
9279.97 19520.87
18775.92 30449.92
17337.36 18631.04
35006.24 33961.12
33661.03 8561.12
22632.38 455.38
10662.06 27941.41
5766.57 20385.52
1177.16 39240.20
12489.15 1193.31
20645.77 13967.80
23092.55 12990.33
30752.41 21835.15
31043.22 30264.41
720.84 25985.42
8779.21 30413.31
33003.96 39710.97
26756.18 28566.05
23200.01 8257.48
16603.10 25673.36
21951.15 26096.47
24587.31 38717.34
19172.08 30128.89
5502.89 28715.76
15235.27 29819.84
21015.89 21261.47
18222.59 23225.15
36394.51 1104.33
11282.91 16680.59
15989.14 21308.02
6266.92 15395.96
36164.66 7439.54
18504.65 23891.47
12684.16 21449.24
26833.32 5127.46
1363.85 14611.20
16251.89 4191.90
11300.01 33113.89
36733.11 16021.34
26480.80 6244.00
6536.68 36645.27
36394.30 10711.29
17608.42 33872.00
21025.21 10411.35
20554.71 26310.20
5112.74 29141.35
36458.31 12684.77
27421.94 30141.39
23151.18 34722.96
38073.71 37714.23
13730.43 39669.53
37820.42 4312.04
5619.04 20853.28
26239.56 16532.31
19962.64 15923.60
30298.12 27679.84
559.39 39339.90
689.10 20537.55
37372.66 24408.77
9119.76 15184.37
20431.52 36236.43
21205.31 35503.15
546.23 29418.37
1209.25 25965.35
38135.08 14512.70
11129.94 38255.85
10594.83 21975.24
27655.39 11802.74
31614.50 28139.00
6695.11 9420.23
38901.86 39614.13
28111.53 7487.98
19732.06 29738.00
31535.09 19860.83
22135.03 29890.80
17474.66 22793.12
33062.86 1720.86
5329.72 16556.47
37381.19 9073.02
17408.74 14104.56
10241.97 13715.62
27816.71 6221.40
24746.74 36650.15
25276.03 3937.47
38984.01 20714.21
26343.95 14607.39
1868.61 17801.39
33150.35 22587.80
23035.21 23751.80
4757.07 31446.15
35943.22 23494.02
24786.19 18900.71
6871.00 37216.59
15405.63 3818.47
34295.35 20953.26
10590.80 29591.84
35488.43 30958.22
8035.11 2581.16
8374.73 30440.11
20778.13 6994.15
30557.58 28967.95
39490.02 29726.61
7254.65 15110.76
20535.39 18006.61
5465.74 20144.51
18686.20 5569.87
12348.02 4309.57
12660.42 21763.84
6634.81 23811.11
25563.15 32681.20
25041.70 28192.12
32451.58 23852.15
7469.45 26351.08
38632.50 17011.88
15973.86 3024.25
32976.63 13772.73
15448.03 27885.07
7053.24 16773.62
19781.58 32077.06
24559.42 27558.38
21662.33 13711.61
4937.44 12901.73
11833.02 15055.80
38137.68 15576.41
25567.73 15558.50
4549.89 9460.26
9892.13 22341.61
22429.22 37543.92
29447.95 19215.33
930.65 39037.29
18676.80 12476.96
7129.05 36506.87
14836.77 13944.85
39834.12 729.43
16481.55 31509.45
16475.67 20829.46
3554.52 3426.11
16052.31 28600.79
17028.77 14333.41
8754.84 8679.70
37711.51 28884.88
38815.73 6121.51
30620.60 34664.12
8433.67 1950.20
28466.73 38891.09
36665.47 39883.08
11862.63 4551.43
30515.11 8487.83
34509.13 34585.98
28685.09 21335.76
11894.25 28545.29
2771.93 10816.54
29658.59 29107.67
7230.17 2652.58
38739.21 24720.00
3485.29 31085.60
17549.34 39580.49
10581.50 12482.21
3525.44 21369.85
39044.62 2569.33
11945.18 1309.54
31608.81 13189.92
1070.34 14966.76
30299.91 8800.20
14297.50 39532.52
15093.35 601.96
21091.22 7811.71
7971.26 39565.59
25682.35 1136.29
10094.18 25004.57
22284.84 27510.24
33651.13 13839.91
10206.30 29372.00
38839.14 20823.43
36376.50 18336.36
30859.68 39364.69
16549.04 33257.36
19390.36 16911.95
2593.29 28395.12
6698.78 13374.79
5768.70 18991.19
12322.39 6636.57
28206.35 38083.73
29284.28 32554.35
34802.73 32081.27
24963.81 13876.40
603.07 29719.51
34002.93 27002.50
36458.13 28172.23
3546.64 7274.68
30183.79 24080.95
27385.90 23631.52
20813.85 1216.19
16448.52 29975.13
37443.46 3665.69
20671.14 26949.85
39437.03 1228.75
17962.48 30236.90
23494.86 33912.81
32425.09 4708.23
6623.83 32356.19
33945.59 13331.07
20390.82 29794.27
17506.68 2287.21
25051.95 9255.77
39032.78 22877.23
24455.70 14536.09
36922.11 39151.74
15082.19 17176.55
33229.47 28008.64
10432.20 7560.58
26439.29 2171.85
9853.74 28106.22
8028.59 29184.41
35581.50 36895.75
36593.68 12161.34
10598.39 22612.69
19260.84 9000.07
20836.15 22852.45
19818.60 1032.93
30254.76 39527.17
20333.50 25626.97
35123.13 11840.05
6160.56 37524.26
3860.26 13615.89
9070.60 24607.72
27807.25 4178.72
15174.51 15643.42
4941.23 17845.84
20053.70 6350.08
17034.52 39049.40
16526.62 23698.55
4975.33 38426.96
17797.56 38273.13
38399.77 24017.02
3317.96 3198.72
8644.57 27913.86
27353.36 5216.98
24592.54 870.04
35285.39 9361.91
38188.20 24191.59
32506.96 36506.12
15135.19 15419.97
7163.15 23171.50
11417.74 13033.11
568.94 529.50
35728.62 36419.63
14262.57 1310.87
24873.56 38773.63
7427.08 12063.99
31476.85 1021.15
28369.29 4943.75
27044.11 16276.33
25080.83 22751.08
33597.38 38232.74
2951.71 5924.93
39000.89 5805.28
17606.36 25531.38
27751.94 19258.15
24490.93 2846.06
14939.98 26025.79
26264.98 1270.62
26751.20 23157.15
23857.12 12063.55
1873.86 21590.77
14868.29 3306.46
36061.16 5469.90
5135.33 17910.04
38770.91 35075.70
19883.59 14960.47
6842.28 36540.72
21875.88 30527.17
34892.52 5749.09
28086.44 34216.16
13668.71 37996.96
29249.79 21983.95
7886.95 23594.71
37087.49 29195.34
27288.32 21104.36
36424.77 39192.21
15982.11 28837.76
35266.76 22716.04
31129.70 31996.25
10917.02 14337.59
8111.13 7879.52
30218.99 7202.11
23329.57 36204.91
22057.92 4804.47
7499.10 4678.63
3542.05 37983.53
17834.36 26012.62
28322.40 38183.00
3003.09 32651.44
33266.72 13353.23
33210.03 35039.25
22598.31 20210.67
30618.38 30131.86
4299.95 26441.34
37821.29 26089.89
34545.61 36171.64
12452.05 22309.27
28147.20 9489.30
12219.50 35482.03
29090.84 12137.44
11066.65 17072.47
6591.40 6826.25
24609.94 25286.59
30694.69 26688.89
15982.41 38633.89
22785.34 22476.67
15119.97 32916.13
12037.40 20131.35
7291.86 12473.98
33145.18 23084.13
10773.70 14.26
10071.39 27395.35
23173.83 2571.74
34243.99 34562.89
25829.95 208.88
3921.45 28792.48
22577.71 22179.52
39264.84 23876.30
26499.40 3030.93
12928.10 19002.05
36556.45 32871.86
19436.84 35675.11
10060.16 28011.94
38966.77 4018.53
12646.96 20420.04
18686.90 32901.87
36258.59 39875.27
7514.02 5684.84
2780.97 30842.03
17418.75 17519.17
8307.63 31927.83
37988.58 39270.69
13010.32 4772.60
9108.21 22773.56
18258.90 17474.70
3312.07 9902.91
26105.07 29314.25
1241.40 16337.88
35188.21 32860.33
29522.20 8552.93
39304.57 6418.86
36765.66 28139.88
11354.95 14933.76
35668.91 4611.18
9208.21 1234.10
22917.61 20557.30
31792.07 37366.98
5041.53 25678.54
27296.90 11400.87
18295.39 10812.62
9932.56 39060.80
39641.18 17694.66
16620.85 27199.40
1495.80 25687.45
19240.71 34954.73
18803.92 19197.02
19732.45 1185.62
39935.67 22448.53
21148.17 23859.17
9185.80 16889.58
17824.33 24999.20
18564.75 1385.16
11192.72 14937.08
6096.33 15050.56
13814.68 37457.69
22369.31 27044.20
7282.55 7208.91
20423.93 1738.30
22857.76 12399.95
38811.59 31800.97
14356.74 10132.98
6664.72 36787.66
30570.32 38711.19
28485.47 28719.68
1834.87 31676.60
784.46 24246.95
13616.69 12869.28
20080.17 37546.58
23509.30 25347.30
8003.67 12236.28
33228.39 12802.70
12105.94 21660.62
3414.93 9024.01
14947.72 1483.79
20791.39 23182.61
5294.80 29790.42
3612.80 29713.27
20553.64 7847.78
26960.09 19788.72
30196.73 13882.82
33569.17 14470.35
12410.49 1928.04
3021.57 35154.59
33556.90 15093.09
32812.06 18416.11
25999.44 29766.23
2729.95 35523.39
255.45 24161.22
32292.59 3310.35
13810.17 7643.26
13100.90 27406.83
20467.19 22498.38
11411.86 2762.62
3358.03 11985.08
19622.96 10806.38
28481.43 14676.46
35952.90 5172.96
29349.10 22517.98
39202.92 8884.28
30236.82 23618.64
8549.83 38801.53
13930.65 13563.44
26911.19 15445.26
934.65 38240.04
11804.69 8169.85
9498.64 24526.75
15992.53 25523.41
19241.40 20408.62
6152.11 10918.88
27121.91 21068.64
21845.58 32344.31
8614.42 7000.15
30870.16 24743.94
36500.14 32404.34
29616.22 14894.48
17506.65 13762.22
30218.38 15872.06
4989.79 12269.25
16607.07 17773.44
12734.96 6057.91
39195.30 27333.97
30671.74 31762.37
39923.59 17403.27
37825.74 15439.79
2996.28 32754.52
6211.21 21113.63
11835.10 29173.81
37135.11 1246.18
24547.26 1219.05
36283.00 14447.12
3471.16 15020.54
13394.78 31456.98
15225.70 11012.49
24101.43 37429.54
23262.65 38566.80
16676.52 37403.84
32419.47 21870.49
36294.60 19263.53
17324.32 34095.94
213.03 21250.23
33828.71 3319.86
4165.62 12897.74
8621.61 19821.70
37869.72 24174.67
4796.34 31066.48
2989.17 12559.53
6788.36 12565.68
1136.75 31584.09
2307.11 17336.75
4786.42 17496.41
23898.00 16875.31
27565.93 17504.88
14362.44 27781.78
32768.25 22877.03
4569.34 34864.66
6386.34 17492.17
38863.16 15731.20
9534.99 25261.45
28320.04 17134.04
39549.49 25610.53
35154.27 20651.28
28353.84 1771.62
21770.28 6846.64
26943.05 2687.21
35891.67 30109.68
23682.18 13199.86
16547.73 17263.21
13316.44 647.35
27385.50 1406.58
15646.03 15345.47
27337.53 4380.66
29472.28 27205.19
11108.68 18285.60
39223.64 34490.83
10270.16 14280.15
27317.75 22904.60
34337.44 7263.17
26777.17 37120.37
37994.39 19177.76
12265.01 37700.70
9287.34 11102.58
28132.68 32073.53
29761.98 27726.79
767.77 33320.08
31745.93 30995.03
31454.81 39935.13
3316.33 31133.18
6961.69 32479.25
5273.47 38931.80
31607.61 24536.28
29783.07 11.92
19297.68 35251.81
34550.34 8670.79
10150.11 34276.44
39317.78 12970.60
8578.93 21332.79
33389.38 31099.21
5471.00 28074.87
3555.34 24940.91
38647.49 25663.12
10702.49 10956.87
2520.89 37814.10
11079.37 3552.89
29032.74 37430.21
22445.75 38783.71
14583.24 23693.68
24444.72 39781.01
24447.88 9090.49
7384.19 11726.71
39902.29 3126.44
13132.92 25245.84
27895.57 15589.86
9739.57 12276.08
35525.12 9010.43
36048.92 10189.20
6094.07 29896.51
31797.55 32597.23
39356.96 15181.13
31951.98 24885.98
14356.73 38914.61
23243.64 36704.49
4637.45 30505.34
8800.24 31326.94
31116.23 13612.27
16393.37 30838.16
31896.73 2782.24
9245.77 37328.48
4816.66 24044.52
13090.19 30502.81
22221.72 14454.89
2769.55 21727.32
19055.54 32741.65
20392.59 22483.81
8895.11 13660.01
929.58 35732.47
29578.41 1112.91
38530.96 10275.77
18544.41 2900.37
23295.25 28323.90
9704.24 7913.40
2614.71 27579.45
18731.44 24737.93
36740.12 18048.55
4450.08 29300.16
28621.97 26072.50
1673.03 34196.78
13627.53 35057.16
25000.59 33268.97
19036.43 25505.31
1948.76 14153.27
17103.99 11009.63
19527.39 3055.17
20190.92 33257.82
5737.14 19547.61
8590.13 2657.13
15708.93 39280.97
22464.57 29036.88
18935.45 6145.48
10143.74 39176.13
7486.08 30265.45
12725.46 31744.29
38124.69 4543.63
24931.19 37230.72
15314.74 21690.43
24570.46 18410.05
10069.20 19913.81
25107.47 9071.71
15099.38 38305.33
7335.31 14183.46
16244.84 28969.30
16872.61 10351.14
2926.76 12802.65
31418.92 20068.08
22202.93 15602.90
24009.96 35250.85
24400.76 24058.71
36934.40 39102.37
22379.45 11565.94
25164.46 16860.69
24175.42 14905.96
20478.49 2938.36
11286.77 38990.55
33493.71 34907.66
20853.80 4802.86
39807.57 11576.90
19499.50 8969.53
25632.04 31779.95
27300.44 8006.99
18216.33 34044.89
486.70 27903.78
25159.52 7296.14
7284.13 32291.16
6135.44 18683.07
23623.70 26255.22
14748.67 36993.83
19499.09 3620.90
9887.84 16480.89
21582.98 452.25
14343.88 4808.03
2800.75 38767.69
34265.86 11848.33
4620.83 39421.01
4690.46 4320.60
11489.19 4553.00
3969.49 29904.49
17348.27 32858.97
5122.44 34018.15
32061.40 3615.73
6142.48 1846.75
20530.69 31778.52
3094.16 12777.46
24477.18 8464.12
39198.01 20836.76
24382.25 29299.36
22564.89 10133.86
22719.40 36002.56
3539.79 21245.29
2879.72 24632.04
22627.00 25136.36
14180.42 34407.92
33669.43 38838.48
15581.56 8169.81
11158.66 3415.11
5650.16 15397.41
28541.12 846.38
3719.75 18908.95
12665.30 1128.57
29363.27 27206.67
26470.51 35386.10
16934.19 3235.60
7310.58 7031.59
3561.81 12175.98
14222.20 28509.70
31505.92 14661.33
446.35 21873.88
18948.81 6802.46
1672.46 8362.47
29896.97 30425.74
28364.57 35587.23
30105.38 28265.25
21784.72 24321.23
3360.13 25416.41
17917.84 7672.07
28909.23 23633.28
15528.76 12804.39
29459.47 39760.50
14551.23 30065.08
16640.57 12011.57
11531.69 37926.05
28669.05 10505.90
5381.46 32427.98
2160.73 1165.96
6791.66 19232.41
37492.27 8072.17
16656.68 2702.91
25988.41 13111.96
29546.57 36963.37
1074.86 30678.23
34696.86 16144.26
1174.67 11930.58
17484.05 26052.10
21820.81 38037.15
25475.30 16028.45
22247.36 26226.92
22362.85 28512.93
21122.40 13154.51
19382.03 17439.06
39417.70 33097.16
17963.73 16928.60
30381.19 16207.11
3019.77 8322.07
2967.29 7080.77
21709.79 22867.65
28579.23 27434.66
12960.03 22819.79
32988.11 7196.02
23182.85 3032.21
24961.94 15296.02
5097.18 37494.11
33555.80 29147.44
20216.32 17176.59
4714.82 27493.34
32795.68 1254.08
32118.54 4995.00
25684.47 30540.29
19131.57 33552.42
33110.90 4305.68
38879.85 17030.09
25226.65 11205.52
6730.50 23997.20
35198.95 19524.92
3186.96 12225.36
33101.56 13931.23
33985.71 6229.00
32377.10 38688.66
9893.19 9427.86
28868.25 9273.37
29069.13 29293.11
18464.53 6397.31
39537.13 38953.79
31714.42 7717.20
2260.08 7981.32
29894.06 3246.35
36332.21 29442.00
6606.67 22135.19
18861.72 28996.54
17111.49 18599.90
29377.86 17193.77
26223.89 30666.52
29504.49 38466.22
39077.17 2643.69
16717.97 12478.34
10954.97 9974.27
16418.99 14282.21
30183.71 25715.42
16004.86 33367.04
4887.19 6328.81
15205.10 21298.78
14562.59 20444.24
16178.88 30114.87
20849.62 12667.29
34782.79 3943.18
10226.89 20972.22
35631.69 31271.09
7928.48 9665.16
1291.12 26011.25
31988.11 15013.55
22926.28 24341.19
25226.96 4817.03
22223.39 3990.92
22689.98 22153.94
12761.86 35680.58
6051.26 3493.72
9995.26 27334.55
15749.67 15285.68
3459.82 2324.09
36408.87 2378.95
34333.59 7058.55
30600.55 26410.71
19207.77 23367.79
24953.09 24365.10
36180.89 2238.32
24227.21 31892.93
37907.29 34466.45
1918.88 7359.41
10440.26 13545.88
24475.65 27098.41
13171.53 9968.44
38127.52 16485.38
34086.32 17349.07
250.00 21731.06
34590.16 27967.48
3103.45 22464.89
27778.78 38053.21
33462.92 2415.86
14986.62 12641.60
34935.22 6861.48
6149.18 37701.46
5193.02 23062.97
6341.21 29122.58
23570.45 6389.58
10869.07 8408.53
17163.82 31112.25
36134.57 20689.62
32664.79 33927.90
22809.38 12042.10
28533.94 24432.75
18615.69 39430.52
23655.54 31669.28
11238.19 31540.09
18593.44 26226.95
23894.35 8773.50
28678.49 36161.94
7541.84 22135.85
38918.51 39687.91
30014.30 14473.11
22287.32 4758.70
22266.11 23612.10
28180.60 22887.28
12427.13 18190.91
32745.60 7500.87
39557.14 18923.64
22228.03 35274.10
13690.70 22.10
13659.69 21485.99
624.97 33280.48
23915.86 6081.93
15970.91 594.89
12479.95 27957.82
6323.47 18833.85
17629.83 1409.52
3743.60 8631.70
12601.65 34531.40
28928.36 31684.69
15660.84 34828.51
33985.36 2842.18
24045.87 13674.57
6736.22 9231.80
13757.26 36847.12
4729.46 37381.87
7291.45 27999.31
1234.17 23239.08
10501.55 17025.04
35063.38 26682.88
12151.11 25795.13
11257.93 36772.30
8994.72 32233.71
24146.70 22952.56
3514.58 27345.54
37378.59 2601.47
16485.63 18748.06
33652.23 7039.69
26710.94 18946.54
20249.23 35276.22
30023.23 8118.56
32123.27 27828.29
26510.47 27848.84
32387.72 34939.54
29648.53 34504.10
22723.21 37007.71
14322.49 15092.08
744.35 37748.40
20084.27 11841.57
14667.29 24792.80
3971.96 13211.72
4280.09 6738.61
24251.47 24059.18
28890.50 17546.17
26065.07 14143.59
0
